0.909091
0.909091
0.909091
0.909091
0.909091
0.909091
0.909091
0.909091
0.909091
0.909091
0.909091
0.923077
0.923077
0.923077
0.923077
0.923077
0.923077
0.923077
0.923077
0.923077
0.923077
0.923077
0.923077
0.923077
0.971429
0.971429
0.971429
0.971429
0.971429
0.971429
0.971429
0.971429
0.971429
0.971429
0.971429
0.971429
0.971429
0.971429
0.971429
0.971429
0.971429
0.971429
0.971429
0.971429
0.971429
0.971429
0.971429
0.971429
0.971429
0.971429
0.971429
0.971429
0.971429
0.971429
0.971429
0.971429
0.971429
0.971429
0.971429
0.954545
0.954545
0.954545
0.954545
0.954545
0.954545
0.954545
0.954545
0.954545
0.954545
0.954545
0.954545
0.954545
0.954545
0.954545
0.954545
0.954545
0.954545
0.954545
0.954545
0.954545
0.954545
0.947368
0.947368
0.947368
0.947368
0.947368
0.947368
0.947368
0.947368
0.947368
0.947368
0.947368
0.947368
0.947368
0.947368
0.947368
0.947368
0.947368
0.947368
0.947368